mean: [-0.5021770477, 0.9270092909, 0.6116915592, 0.4392606947]
std:  [0.2178721980, 0.1884942846, 0.1611157692, 0.6110689706]