mean: [-0.6123741269111633, 1.1049565076828003, 0.5699091553688049, 0.7600371837615967] 
std: [0.32270529866218567, 0.26031994819641113, 0.18459899723529816, 0.9349327087402344] # temp dataset 